9781119157151
9781473749054
9781119512264
9781259253331
9781260084122
9781473748873
9781138048478
9781787697942
9781138082618
9781138574625
9780749479992
9781472474629
9780808046998
9780409128659
9781138285668
9781522561149
9781522536222
9781536147322
9780749481148
9789712356469
9789712365256
9783030017187
9781138426214
9781138466449
9781847987112
9781526401069
9781945498640
9780081005873
9789813237254
9783030060367
9781337614689
9781408093818
9781473683815
9781305968356
9781305675124
9780749480769
9781138438712
9789814780674
9781681087085
9781522577126
9781522573562
9781337619455
9781119514299
9781305666177
9781337619202
9780749478155
9780749473761
9789813276079
9780765617965
9781503608900